Global Norm + Temporal
AUC_source: 0.5198
AUC_target: 0.5376
AUC_total: 0.5287
pAUC: 0.5537
Precision_source: 0.0000
Recall_source: 0.0000
F1_source: 0.0000
Precision_target: 0.0000
Recall_target: 0.0000
F1_target: 0.0000
Epochs_ran: 50
Best_epoch: 44
Best_val_loss: 0.313813
Final_train_loss: 0.318349
Final_val_loss: 0.314032
